Right((WeightVector(DenseVector(-0.0017387901941593822, -4.648697470392313, -4.1548938841936325, -2.663892572273105, -1.0774846774271831, -6.295945200338455, 12.681886323384594),0.00969788289237311),400))
Right((WeightVector(DenseVector(-0.001889824049401721, -2.364317254583847, -2.1218828709580615, -1.366204431994834, -0.5760356948113967, -3.1271712983230366, 6.319202922592471),0.3178203039934844),800))
Right((WeightVector(DenseVector(-0.0018402212635598987, -3.422965575860596, -3.235531674502987, 1.5118333725768816, 1.1698738916638662, -4.9691149483427, 10.043986690295196),-4.717120348345815),1200))
Right((WeightVector(DenseVector(-0.0017359381716284938, -2.5715215711166515, -2.4335126344214477, 1.1278237811928282, 0.8620899531076802, -3.733209708688329, 7.5275587823909635),-3.4254782818661154),1600))
Right((WeightVector(DenseVector(-0.0017038702534137977, -2.061961917666948, -1.9524113128371086, 0.8947896261468291, 0.6620863357125526, -2.983971567875775, 6.020093716385172),-2.6485371432287783),2000))
Right((WeightVector(DenseVector(-0.001755308810991471, -1.7208654753342294, -1.631122585329792, 0.7443413839061732, 0.5480489368211037, -2.490009676999104, 5.016773019265412),-2.1383302529505808),2400))
Right((WeightVector(DenseVector(-0.0018108527575395916, -1.4982520243038033, -1.4224106194623674, 0.6134504989272064, 0.4336720864646389, -2.1151300852854953, 4.280408819506705),-1.671721213613769),2800))
Right((WeightVector(DenseVector(-0.0016673787601437515, -1.3126456123006924, -1.2468789959383253, 0.5341322797914432, 0.3710752917819111, -1.853438211511537, 3.7446360868642348),-1.4218224283780958),3200))
Right((WeightVector(DenseVector(-0.001694880641326993, -1.1685362443569542, -1.1109063862516688, 0.4728272145840254, 0.3138057860191532, -1.6528693287070033, 3.332096411049109),-1.198823887480824),3600))
Right((WeightVector(DenseVector(-0.0017471744596173377, -1.0529193225267834, -1.0019217865253833, 0.42387543345226564, 0.26912729716228734, -1.484515194881968, 2.9988764952056135),-0.9995704878890712),4000))
Right((WeightVector(DenseVector(-0.001767028374149996, -1.0153971272412314, -0.966719726054561, 0.3239410443459869, 0.13679325889813895, -1.2781241467583933, 2.682515297292355),-0.6212232582907742),4400))
Right((WeightVector(DenseVector(-0.0016581446545430275, -0.9313714746483074, -0.8872189452161177, 0.29648936056343916, 0.12356576743267622, -1.1734166724884296, 2.4591535194545258),-0.5493251376685274),4800))
Right((WeightVector(DenseVector(-0.0016822481584387928, -0.8668689933885659, -0.826645183621845, 0.26623427012997064, 0.10061212697496204, -1.0779650491013062, 2.2650684020738234),-0.45170150540285214),5200))
Right((WeightVector(DenseVector(-0.0016476083588517515, -0.8061075847446292, -0.7688586624558662, 0.24474962497705674, 0.08316410636071848, -0.9996156261497408, 2.103062104796055),-0.3850053652762429),5600))
Right((WeightVector(DenseVector(-0.0015917035874121715, -0.7522011371535376, -0.7179416812226259, 0.22855620889272785, 0.07079752502912068, -0.9332540741144576, 1.9636381119762838),-0.33741027115891437),6000))
Right((WeightVector(DenseVector(-0.0015778538843431297, -0.7061109638101861, -0.6740867437820673, 0.21341460801557746, 0.06313348333428738, -0.8748156861121537, 1.8406756831199085),-0.29575831529656144),6400))
Right((WeightVector(DenseVector(-0.001615949425852979, -0.6713857046335034, -0.6414256845891244, 0.19319615362969803, 0.037279582767433386, -0.8177447746767342, 1.7281201764593734),-0.21786410883130408),6800))
Right((WeightVector(DenseVector(-0.0016309256616312518, -0.6372311499074903, -0.6091484929561617, 0.1795829127398632, 0.03116371188049702, -0.7697817923538158, 1.6301009753939193),-0.17810115261717765),7200))
Right((WeightVector(DenseVector(-0.001643304044183654, -0.6045518219716718, -0.578672042423727, 0.16988471193427607, 0.030241670030616185, -0.7329595187007072, 1.5440850918977849),-0.14504062683601815),7600))
Right((WeightVector(DenseVector(-0.0017198468179456803, -0.577692350893678, -0.5534935685308545, 0.15962236668002913, 0.030351619682078675, -0.6963037582891235, 1.465887020583038),-0.1011097775335836),8000))
Right((WeightVector(DenseVector(-0.0016763076688588612, -0.5628104270049235, -0.5394344256530725, 0.1382357732338304, 0.004972035300433185, -0.6487138757734425, 1.3861976214004639),-0.0338362474353481),8400))
Right((WeightVector(DenseVector(-0.001666126391911685, -0.5396839832794699, -0.517438955642074, 0.12972765479056977, 0.0015778719517727706, -0.6178305788457265, 1.3218184984168684),-0.010235334293603508),8800))
Right((WeightVector(DenseVector(-0.0016198080564979323, -0.5169736756805743, -0.4958167501575036, 0.12325406113237311, -0.0010292054929465309, -0.5917806412363062, 1.2642963730507666),0.003704309658023354),9200))
Right((WeightVector(DenseVector(-0.0015931205991177545, -0.49684862351669706, -0.47660210968977446, 0.11630806643547957, -0.0065050918235488656, -0.564638663423301, 1.210756652342826),0.026780589263202446),9600))
Right((WeightVector(DenseVector(-0.0016267164246548795, -0.47264524587183177, -0.45359839998827883, 0.11558456749225862, -0.012938560921542643, -0.5502172618254025, 1.1669736830361024),0.035008799801580635),10000))
Right((WeightVector(DenseVector(-0.0016122557286765728, -0.45517484259521834, -0.43707021610621355, 0.11035194129010524, -0.016683045236946054, -0.529056960059363, 1.1217381467680327),0.0542453949337411),10400))
Right((WeightVector(DenseVector(-0.0016185973049944507, -0.43830239596400544, -0.42122583100405075, 0.10669859169362153, -0.014681839276939125, -0.5107928662044381, 1.080257493909818),0.06573839759230994),10800))
Right((WeightVector(DenseVector(-0.0016170127627520609, -0.4229811719885258, -0.40666523897723134, 0.1024860527236792, -0.014687470365695184, -0.4933190620895167, 1.0414586167453217),0.07816408994772527),11200))
Right((WeightVector(DenseVector(-0.0016859965397005724, -0.3977644440822436, -0.38194292197125485, 0.11010499730035644, -0.00924389482625142, -0.4876170262842595, 1.0162966033672334),0.0795443073055583),11600))
Right((WeightVector(DenseVector(-0.0016633908946743947, -0.38213552781640703, -0.36712858720433406, 0.10881005592953091, -0.008790476818846144, -0.4737151437118954, 0.9845106080629104),0.08571652536067896),12000))
Right((WeightVector(DenseVector(-0.0016577691975306393, -0.3688782149642318, -0.35461963761328485, 0.10682260174037168, -0.007382555734034609, -0.4596605896779981, 0.9538726403511643),0.09635804089129858),12400))
Right((WeightVector(DenseVector(-0.0016563713726632603, -0.3524509387225955, -0.3362084601229231, 0.10717217182732942, -0.08126868247412228, -0.44366156432018294, 0.9313326671623358),0.14619409982996762),12800))
Right((WeightVector(DenseVector(-0.0016498086909656792, -0.34043940534684813, -0.3250163654167977, 0.10587357513726967, -0.0755893753497916, -0.4333285485586411, 0.9047390129660907),0.1458741541163988),13200))
Right((WeightVector(DenseVector(-0.0016345267390643016, -0.3324430976140994, -0.31758726261365383, 0.1006589777929765, -0.07635151200727669, -0.41947859633539697, 0.8768550470748009),0.15589307564486743),13600))
Right((WeightVector(DenseVector(-0.0016427461187388435, -0.3252773273485476, -0.31103922658944344, 0.09535864457139849, -0.07696923278871222, -0.40599351588023214, 0.8499818831921112),0.16888728604137715),14000))
Right((WeightVector(DenseVector(-0.0016355823677857426, -0.3163211442725092, -0.3026830325083038, 0.0928278874968309, -0.07467216318975772, -0.3958164895419039, 0.826418979050985),0.17485919301099284),14400))
Right((WeightVector(DenseVector(-0.0016330147661317504, -0.30769824115916256, -0.2944704691337849, 0.09034090935229355, -0.07395282255564885, -0.3855382694960154, 0.8044923730691593),0.179899161022064),14800))
Right((WeightVector(DenseVector(-0.0016312414323992933, -0.3006203443521909, -0.28797911073938554, 0.08663485102896734, -0.07465292589462912, -0.37508312160773366, 0.7824806711908351),0.18588964692653578),15200))
Right((WeightVector(DenseVector(-0.001622828533990329, -0.3938044110720883, -0.3748049096647963, -0.0116745251413677, -0.11413355748826894, -0.5236972196330915, 1.1036458011668842),0.17217491123723616),15600))
Right((WeightVector(DenseVector(-0.0016101125408862081, -0.38165971356437595, -0.3634365260412835, -0.00901313562898733, -0.11365626451085731, -0.5154984107078159, 1.0788979338405178),0.16994434899132255),16000))
Right((WeightVector(DenseVector(-0.001628901001579316, -0.3787975452129876, -0.36134061557369407, -0.015467741468303752, -0.11993593087431637, -0.4970122539823148, 1.0472065474509886),0.19977011898788077),16400))
Right((WeightVector(DenseVector(-0.001649468819121426, -0.3703673117712849, -0.353628687118515, -0.015276482862052876, -0.116881140846118, -0.4858131379946716, 1.0224406836794038),0.20615583413507305),16800))
Right((WeightVector(DenseVector(-0.0016525749235378217, -0.3632840271257213, -0.3469552669484027, -0.016563825729499305, -0.11782392246286333, -0.47273597363171954, 0.9976603758564402),0.22361004886234895),17200))
Right((WeightVector(DenseVector(-0.0016714341110189274, -0.35582745806911625, -0.3402383441467658, -0.01718593441368585, -0.12254641009759315, -0.46146793662564395, 0.9758859279117992),0.23868867418235093),17600))
Right((WeightVector(DenseVector(-0.0016855923234698669, -0.3487693851515094, -0.3336961404988765, -0.01736448996969656, -0.1205232582441907, -0.4521631770098819, 0.9539053248861014),0.24984486914272652),18000))
Right((WeightVector(DenseVector(-0.0016697021359249142, -0.34080718782119307, -0.32624595191357386, -0.016325956752408853, -0.11705278403301173, -0.4430025868518628, 0.9337318560352701),0.25187815735507907),18400))
Right((WeightVector(DenseVector(-0.001638982535450239, -0.33674805085559206, -0.3225835786930869, -0.01907337048650932, -0.11892801228876834, -0.430419173676903, 0.9116727287870918),0.2640325753522006),18800))
Right((WeightVector(DenseVector(-0.0016184676882274429, -0.33005110916368713, -0.31625258490770536, -0.01900710857748472, -0.12001014612363832, -0.4211426001357784, 0.892945870884586),0.26658756232545716),19200))
Right((WeightVector(DenseVector(-0.001631559679397443, -0.32531318843670415, -0.3118980035806392, -0.020690319815235135, -0.12074632960799275, -0.4114116058989521, 0.873230512948878),0.2781866064547499),19600))
Right((WeightVector(DenseVector(-0.0016178796904063745, -0.31947918030813854, -0.3064593859533157, -0.02088753248071919, -0.11961891183396299, -0.4027580379631208, 0.8553099489236557),0.28008262803798833),20000))
Right((WeightVector(DenseVector(-0.0016100380628040773, -0.313063038428274, -0.300397140877783, -0.0203445111616179, -0.1174986274559814, -0.39550343287121065, 0.8387050228550689),0.28032750000750956),20400))
Right((WeightVector(DenseVector(-0.0016104643808492118, -0.31012910461979015, -0.29770331077821555, -0.023301266278718005, -0.1214901337224789, -0.3850990302158414, 0.8203685368297884),0.2935580146217788),20800))
Right((WeightVector(DenseVector(-0.0015974256825439536, -0.304991533621123, -0.29291467447594766, -0.023425668714432062, -0.11985373274151094, -0.37785755249836395, 0.8045514949702857),0.2955924768605879),21200))
Right((WeightVector(DenseVector(-0.0015884361008158799, -0.298914710285991, -0.2872058750763836, -0.022499312633827154, -0.1187851175193895, -0.37145773138224686, 0.7904005412901136),0.29585267166609736),21600))
Right((WeightVector(DenseVector(-0.0015828088000543292, -0.29384531760800364, -0.2824024447604033, -0.022398715032378513, -0.11685162198178918, -0.3646983900180383, 0.7758544720349112),0.29673594280561383),22000))
Right((WeightVector(DenseVector(-0.0015587688909622225, -0.28898079460204656, -0.27777050783826535, -0.02230707724824874, -0.11529133708777588, -0.3584302341035179, 0.761968788058658),0.2969335080260943),22400))
Right((WeightVector(DenseVector(-0.0015559234573127626, -0.2836038392145328, -0.27267270185435527, -0.021354946717917832, -0.11223875594587299, -0.3528952577555502, 0.7490425174697707),0.29765231020230415),22800))
Right((WeightVector(DenseVector(-0.0015374021696350577, -0.27777085330134527, -0.2670907760935084, -0.019830924414873826, -0.11010625140798569, -0.348032914336502, 0.7372128994140589),0.29442592250448585),23200))
Right((WeightVector(DenseVector(-0.0015065564198049066, -0.2734938975459842, -0.2631501539776615, -0.019723819118478005, -0.10891202673563768, -0.3423806764667412, 0.7247665424857828),0.29401466498760476),23600))
Right((WeightVector(DenseVector(-0.0015026235620480897, -0.26859717058912647, -0.2583839897301915, -0.019143643476949967, -0.10846166718533805, -0.3372418837035993, 0.7133705419129566),0.2956040881379496),24000))
Right((WeightVector(DenseVector(-0.001500104870771174, -0.265025744026873, -0.25512636274638445, -0.019759674903092866, -0.11014232180115895, -0.33045051918578316, 0.7014023981193904),0.30366234667985065),24400))
Right((WeightVector(DenseVector(-0.0014956828312090258, -0.26251106443990135, -0.25289081882220626, -0.020939402683427463, -0.10949096493107126, -0.3240585044180908, 0.6890338263518142),0.30905539113791414),24800))
Right((WeightVector(DenseVector(-0.001503170068838773, -0.2584306603748577, -0.24906924522311544, -0.02062930754376613, -0.10942531092545119, -0.31906276510225584, 0.6784650239591039),0.3122634950622342),25200))
Right((WeightVector(DenseVector(-0.0014980983759078127, -0.2543905313938211, -0.24516004019261028, -0.02046705424823954, -0.10911348085482137, -0.3135170781355318, 0.6679606954186671),0.3152457741541962),25600))
Right((WeightVector(DenseVector(-0.00149290986005207, -0.25143396933130224, -0.2423688645816308, -0.02098471206177328, -0.10810137031853385, -0.3079555717348884, 0.6570912999466413),0.317141936279879),26000))
Right((WeightVector(DenseVector(-0.0014988008212064993, -0.24804627870006554, -0.23933849850206884, -0.02100061085288335, -0.10665965912391233, -0.3038482793041316, 0.6467377754916742),0.3211248360714121),26400))
Right((WeightVector(DenseVector(-0.001501617101837563, -0.24449974308219566, -0.23598675027614202, -0.02091299869997564, -0.1060890040428545, -0.29964407281772015, 0.6371360958454964),0.32298884858285115),26800))
Right((WeightVector(DenseVector(-0.0015164500334343895, -0.2439902520290655, -0.23547478591541146, -0.022335570546814263, -0.11500046649055855, -0.2970609698537092, 0.6279960905976543),0.33971340383208287),27200))
Right((WeightVector(DenseVector(-0.0015164491908220175, -0.24079850289764707, -0.23238581466407915, -0.02247083356891492, -0.11485575450024596, -0.2925886127843163, 0.6188562773461137),0.34079564646224486),27600))
Right((WeightVector(DenseVector(-0.0015206760549526424, -0.2372749001783114, -0.22911082985607845, -0.021935903814615045, -0.11333604935133941, -0.2887884923437706, 0.6103667208691911),0.34085905947076245),28000))
Right((WeightVector(DenseVector(-0.0015183243266516351, -0.3091518180062796, -0.29451343219594694, -0.12891701465657082, -0.1605117239513885, -0.19664219637349983, 0.37856744119635233),0.8056742600981106),28400))
Right((WeightVector(DenseVector(-0.0015241498150463015, -0.3044676130743104, -0.2901890275217252, -0.12681774636736173, -0.15906482309919096, -0.19493527252567103, 0.3736271118000098),0.8020538527156624),28800))
Right((WeightVector(DenseVector(-0.0015309520569952448, -0.3005277035674665, -0.28653423222640334, -0.12530528109150074, -0.15729190688799854, -0.19219073976627288, 0.3683523500178387),0.796006462105801),29200))
Right((WeightVector(DenseVector(-0.001535791013438866, -0.2985762870684192, -0.28496534695312287, -0.12523819627981272, -0.15970222404234824, -0.1904190122821302, 0.3628217663767606),0.7987338933968082),29600))
Right((WeightVector(DenseVector(-0.0015411253223140164, -0.29476327816004894, -0.2813312518658875, -0.12381053218787673, -0.15821413134757745, -0.188030018803846, 0.35791406791043195),0.7931126866316739),30000))
Right((WeightVector(DenseVector(-0.0015245372105426361, -0.291438148544683, -0.2782747385205904, -0.12274709326966987, -0.15718008529099192, -0.18519167811388418, 0.35289014969301563),0.7868455320496959),30400))
Right((WeightVector(DenseVector(-0.0015325460910082355, -0.28882378375361717, -0.27587546093660736, -0.12230769259258045, -0.15688185810019023, -0.1816220390654665, 0.3474675584263006),0.7844195623950748),30800))
Right((WeightVector(DenseVector(-0.0015369902404836283, -0.28883074661284586, -0.2759833277414262, -0.12509129296568722, -0.16405916818175886, -0.17609789804669415, 0.3405435603060327),0.7970443776771492),31200))
Right((WeightVector(DenseVector(-0.0015429315622251122, -0.28476588242079265, -0.27211033726220024, -0.12308188741637752, -0.16223729693612934, -0.1742613735496967, 0.3366466175031823),0.7921765045917315),31600))
Right((WeightVector(DenseVector(-0.0015454963468380517, -0.2812605954764153, -0.26884108328200695, -0.12147721829050294, -0.15976613903528783, -0.17292718223457523, 0.3324342887915909),0.7873638383813287),32000))
Right((WeightVector(DenseVector(-0.0015412178793030675, -0.27761546842995155, -0.2654244248651348, -0.11961506026662325, -0.15736294792739824, -0.17153692577184423, 0.3287103108218929),0.7823422220842849),32400))
Right((WeightVector(DenseVector(-0.0015363432474248023, -0.27435157647392683, -0.2623440663693184, -0.1184004923236646, -0.15636141098916645, -0.1693436303592668, 0.3245948678854321),0.7773658228970737),32800))
Right((WeightVector(DenseVector(-0.001545292476141565, -0.27140682065364163, -0.25960692252943635, -0.11726313092029479, -0.1547562785132152, -0.16732080151140652, 0.3204827591718729),0.7738175284765675),33200))
Right((WeightVector(DenseVector(-0.0015343619936548235, -0.26781135121216115, -0.25622615315357017, -0.11550335230380812, -0.15376130929273107, -0.16563724551532635, 0.3171182720968577),0.7683963456698535),33600))
Right((WeightVector(DenseVector(-0.0015467438899791892, -0.2655930545305851, -0.2541020897615346, -0.1149958259928915, -0.15351130861886317, -0.1627566926936969, 0.3129335665212402),0.7680271255234129),34000))
Right((WeightVector(DenseVector(-0.0015390990810967967, -0.2628689988163347, -0.25154696028712337, -0.11396657872953476, -0.1521137786823962, -0.16082898451397354, 0.3090561061962779),0.7636672937124003),34400))
Right((WeightVector(DenseVector(-0.0015403011359286843, -0.2598772623088457, -0.2487526106307968, -0.1126228796031601, -0.15091131597851898, -0.1590869994435358, 0.30559716413853055),0.7619007551235408),34800))
Right((WeightVector(DenseVector(-0.0015390947565554578, -0.25778101041539075, -0.24684419009887035, -0.11227763395612834, -0.15137948027806541, -0.15678206485344642, 0.30172349399584286),0.7605092209519365),35200))
Right((WeightVector(DenseVector(-0.0015395130632859747, -0.25505666231488794, -0.24425240428499564, -0.11114055169633852, -0.1502546552197923, -0.15487723070717213, 0.2983231145099469),0.7571909941300986),35600))
Right((WeightVector(DenseVector(-0.0015406179935546686, -0.2531229646426917, -0.2424801482605913, -0.11080419743915872, -0.1502811707397326, -0.15244516614663067, 0.29438639267103056),0.7567024814056871),36000))
Right((WeightVector(DenseVector(-0.001532482244127129, -0.25068614314379173, -0.24016518975079945, -0.10999004146054857, -0.14971249251881316, -0.15048598253102255, 0.29096557217366703),0.7520588201427354),36400))
Right((WeightVector(DenseVector(-0.0015323220922730748, -0.2481504512474357, -0.23778440867997536, -0.10895901834734376, -0.1484595857843258, -0.14882295206417395, 0.28774959105878606),0.747332539058297),36800))
Right((WeightVector(DenseVector(-0.0015333240482859282, -0.24475999045913485, -0.23460396789146437, -0.10708582027472072, -0.14827727738596222, -0.14877390050709594, 0.2855694836116455),0.7427558808632583),37200))
Right((WeightVector(DenseVector(-0.001539075418855211, -0.24226741950330316, -0.23221515212559343, -0.10595600957936169, -0.14687931994385903, -0.14754310744848753, 0.2826884231490444),0.7401426828359986),37600))
Right((WeightVector(DenseVector(-0.0015390798260348391, -0.23966475670810433, -0.22984291424462563, -0.10475145622281347, -0.14532326299535706, -0.1465898767033291, 0.2797308035223903),0.7365484748894799),38000))
Right((WeightVector(DenseVector(-0.0015418060822464112, -0.23745496318296253, -0.22778360862844196, -0.1038836176365323, -0.14470709577677227, -0.14494494236917146, 0.27679203555148624),0.7340118599126412),38400))
Right((WeightVector(DenseVector(-0.001542812108569669, -0.2349340793668214, -0.22544650232583616, -0.1027119265023873, -0.143532356795372, -0.14381018226544232, 0.2741630013142071),0.7303408982296169),38800))
Right((WeightVector(DenseVector(-0.0015453355228488715, -0.23568018005952532, -0.2262717517395502, -0.10510413116444985, -0.14872473564286606, -0.13877966159216432, 0.26905724187778157),0.7402968847254731),39200))
Right((WeightVector(DenseVector(-0.0015472953405455251, -0.23354961715371558, -0.2242553805545427, -0.1043209858826082, -0.14814290733073798, -0.13696451250283634, 0.2662066586103966),0.7381677209126613),39600))
Right((WeightVector(DenseVector(-0.001547406079195898, -0.2321525148226556, -0.2234501942557889, -0.10627641745870864, -0.15367228985463832, -0.14109312466052223, 0.2644403278971447),0.7431754349106194),40000))
Right((WeightVector(DenseVector(-0.0015448091013687546, -0.22992771711654375, -0.22143346041702247, -0.10533948052866683, -0.15256857884011799, -0.13990504962657446, 0.2617312776226016),0.7398777400055365),40400))
Right((WeightVector(DenseVector(-0.0015489903724861017, -0.22745338928403985, -0.21906594332813326, -0.10397223422962494, -0.15125264043138253, -0.13854811157546953, 0.2596366281421237),0.7366162076451672),40800))
Right((WeightVector(DenseVector(-0.0015517313217343828, -0.25879447341858736, -0.24314926906314133, -0.14609873593719186, -0.17010973014772507, -0.12633721996876107, 0.24156730441777224),0.852758493406617),41200))
Right((WeightVector(DenseVector(-0.0015581420510182584, -0.2560091735076349, -0.2405804024163319, -0.1441777435775147, -0.1675816607615796, -0.12587843963329776, 0.23970609128302955),0.8480894063642275),41600))
Right((WeightVector(DenseVector(-0.0015607716134848544, -0.25356828449677754, -0.23836807282315814, -0.14264543397746524, -0.1652196581804898, -0.1251239238979249, 0.2373991529666558),0.8442804175673422),42000))
Right((WeightVector(DenseVector(-0.001560586763088312, -0.25124912252945875, -0.2362079610029152, -0.14134079072754818, -0.16424130855272234, -0.12397534681016109, 0.23533507936009176),0.8405146349418184),42400))
Right((WeightVector(DenseVector(-0.0015670676022997271, -0.2493487710452356, -0.2345397452774269, -0.14024211048649105, -0.16244604625932493, -0.12290638689912767, 0.23301007459680903),0.8384028263267247),42800))
Right((WeightVector(DenseVector(-0.0015675148488669588, -0.24739016575714395, -0.23279308819914304, -0.13930284685654767, -0.16175870333380915, -0.12184199077025591, 0.23073017608765933),0.8355656846173461),43200))
Right((WeightVector(DenseVector(-0.0015673344558734745, -0.24902358057615848, -0.23435239091433518, -0.14213711408683072, -0.16673605222472831, -0.11604124628310471, 0.22562086414607269),0.8466908866819545),43600))
Right((WeightVector(DenseVector(-0.0015727075339766353, -0.2465324824716901, -0.23210499761924955, -0.14056263030130195, -0.16587166837521464, -0.11536062947095772, 0.22394522620351398),0.8440782702606543),44000))
Right((WeightVector(DenseVector(-0.0015706765018773914, -0.24404655381384643, -0.22977493169772686, -0.13904480342550954, -0.1648196263409104, -0.11453165525449488, 0.22220016203244317),0.8395116937181141),44400))
Right((WeightVector(DenseVector(-0.0015723164826380465, -0.2420784936529896, -0.22809364952793387, -0.1378973197966626, -0.16350418049773133, -0.11382992939970024, 0.2202247718774035),0.8384721160600267),44800))
Right((WeightVector(DenseVector(-0.001563244972287575, -0.24009740026222273, -0.22625216041353646, -0.13686382386917165, -0.16276256540352438, -0.11254356940754899, 0.2182643370710196),0.8340567466317208),45200))
Right((WeightVector(DenseVector(-0.0015676511857153537, -0.2387406376192104, -0.22506809605701672, -0.13649795351755042, -0.16302003142218094, -0.11090020199518877, 0.2158542343872323),0.8323807717699527),45600))
Right((WeightVector(DenseVector(-0.0015699355261432912, -0.2366117309813809, -0.22311635329766624, -0.13524397173439737, -0.16213038202963143, -0.11027586018072835, 0.21414496581227302),0.8285195088978929),46000))
Right((WeightVector(DenseVector(-0.001576674049841927, -0.23458496670255266, -0.22131188238068492, -0.1340356812318783, -0.16069822395269617, -0.10959849772763376, 0.21230810896394975),0.8248952822480744),46400))
Right((WeightVector(DenseVector(-0.0015755396028680425, -0.23285506200586067, -0.21969980994567823, -0.13322271059515062, -0.1599524999388589, -0.10841187122357135, 0.21030873487623034),0.8221356090479799),46800))
Right((WeightVector(DenseVector(-0.0015762775655292197, -0.2307569911822113, -0.21776251642073066, -0.131931160576297, -0.15877153576387104, -0.10796212882823306, 0.20872761039686213),0.8197784104586465),47200))
Right((WeightVector(DenseVector(-0.0015750101612121924, -0.22831432568616308, -0.21546870099529428, -0.13028586174566115, -0.15737483482547526, -0.10765433898441017, 0.20745039293767042),0.8144248785871742),47600))
Right((WeightVector(DenseVector(-0.001577009502001517, -0.22651030797922397, -0.21376486864347324, -0.1292860083511816, -0.1563455482157533, -0.10671995660477124, 0.20566170063833902),0.8117589781873176),48000))
Right((WeightVector(DenseVector(-0.0015798281886633334, -0.224647117655946, -0.21206310033965847, -0.12816694909778745, -0.15502705389096688, -0.10604424030449895, 0.20399885096928477),0.8081616470100479),48400))
Right((WeightVector(DenseVector(-0.001574859011788563, -0.22315129330678246, -0.21071304860873596, -0.1273340237294251, -0.1537136823123076, -0.10506636648034477, 0.20219108498056038),0.8049531918900307),48800))
Right((WeightVector(DenseVector(-0.0015785464457311698, -0.2179341140087546, -0.20572288501045163, -0.12276920290466309, -0.15076991107182175, -0.10788092233180438, 0.20357834883585849),0.793687435982534),49200))
Right((WeightVector(DenseVector(-0.0015869834943843916, -0.21701852753962955, -0.20501006958353052, -0.1223503417778812, -0.14826744213890555, -0.10681759181164263, 0.2012586600097241),0.7931819059692022),49600))
Right((WeightVector(DenseVector(-0.0015850712177501861, -0.21510800832425178, -0.20321699350240988, -0.12116942927981902, -0.147028893802671, -0.10637988119062537, 0.19984527239119482),0.7908201214206318),50000))
Right((WeightVector(DenseVector(-0.0015846296677150197, -0.21359567931298465, -0.2018746307971538, -0.12030104620554459, -0.1458595840129985, -0.10565799931841297, 0.19823553142204514),0.7881275197824351),50400))
Right((WeightVector(DenseVector(-0.00158543001152465, -0.21121842306717778, -0.19961891279372948, -0.11859049565825995, -0.14431950005233032, -0.10565097306824761, 0.19744396175293338),0.7841053779625036),50800))
Right((WeightVector(DenseVector(-0.001583212825874805, -0.20837732155628727, -0.19700652901897167, -0.11636149065691534, -0.14294346308862904, -0.10728186393463232, 0.1971597817668901),0.7768994910567727),51200))
Right((WeightVector(DenseVector(-0.0015822347623946009, -0.20672182005504017, -0.19546567752703245, -0.11547701674626444, -0.14229037911306416, -0.10672117975659488, 0.19568990271167697),0.7738273658085908),51600))
Right((WeightVector(DenseVector(-0.0015811552236745631, -0.20568703380554726, -0.1945760793956638, -0.11504403012519147, -0.1416633975202145, -0.10578010779627028, 0.19389879173165628),0.7719984538912495),52000))
Right((WeightVector(DenseVector(-0.0015817045510333244, -0.21969479448792073, -0.20682950225861077, -0.12598980544060734, -0.15014051280210486, -0.13506016619143105, 0.1996165688053074),0.8092273953344501),52400))
Right((WeightVector(DenseVector(-0.0015829514112337623, -0.217816047503658, -0.20508131469586857, -0.12482269152471, -0.14931551043196864, -0.13430276097788946, 0.19841075960212048),0.8059155747336735),52800))
Right((WeightVector(DenseVector(-0.0015852882694479087, -0.21634965143438634, -0.20376052383979676, -0.12401328569554368, -0.14860635387896523, -0.1333264883939992, 0.19689979067599564),0.8031069283892408),53200))
Right((WeightVector(DenseVector(-0.0015772175798356807, -0.21480745784369576, -0.20237761582445593, -0.12316104869531944, -0.14772455185909428, -0.13244336214950822, 0.19535788279536298),0.7996374891564586),53600))
Right((WeightVector(DenseVector(-0.0015767297104582864, -0.2134472206779723, -0.20112377696918546, -0.12247272579646264, -0.1471247307876354, -0.131292171805082, 0.19386739894427743),0.797237907723872),54000))
Right((WeightVector(DenseVector(-0.001568568759371558, -0.21068428755507593, -0.19857174192941413, -0.12034626589034336, -0.145876480106769, -0.13152458696741148, 0.19356748971106877),0.7899419850768319),54400))
Right((WeightVector(DenseVector(-0.0015676012048683901, -0.20938466002334583, -0.19747131664078235, -0.11959712344666311, -0.14475157056263435, -0.1306607060299806, 0.19199365794931136),0.7878231473830297),54800))
Right((WeightVector(DenseVector(-0.0015657251451463925, -0.20791109306790415, -0.19621989673512616, -0.11859093031948598, -0.14341454288647612, -0.1301789881460195, 0.19071048224703815),0.7850503244026412),55200))
Right((WeightVector(DenseVector(-0.00156622494621833, -0.2395758808412305, -0.2256772768924331, -0.16954160679988942, -0.1621558613318386, -0.12281503214491468, 0.17257465877383987),0.915421319069404),55600))
Right((WeightVector(DenseVector(-0.0015647824305745801, -0.2382873982476021, -0.22452822383831492, -0.16871753820015217, -0.16156934169619183, -0.12178020173375774, 0.17106777749322002),0.9131255458367812),56000))
Right((WeightVector(DenseVector(-0.001562726676370903, -0.2367439688528144, -0.22313562555026537, -0.16757169952375472, -0.16040325889041326, -0.12095522163640521, 0.1698473003992397),0.9101082358478255),56400))
Right((WeightVector(DenseVector(-0.0015638808865618267, -0.23517143607751928, -0.2216643167342173, -0.1664711540372368, -0.1596778031132311, -0.11998232015884873, 0.16869018449454254),0.9061866568958179),56800))
Right((WeightVector(DenseVector(-0.0015637979396693016, -0.23374534049954143, -0.22039469576273454, -0.16546905371704246, -0.15861258667610878, -0.11922033604679906, 0.16737332202963134),0.9022693511849661),57200))
Right((WeightVector(DenseVector(-0.0015665170924584612, -0.23216388737945073, -0.21896545975491827, -0.16425102611816741, -0.15719256968320516, -0.11863592972633207, 0.16625930000833222),0.8985334578636717),57600))
Right((WeightVector(DenseVector(-0.0015654825252039803, -0.22948859287596565, -0.21648613943284492, -0.1618853078557662, -0.15406223448248388, -0.11940427836757071, 0.1660495418697464),0.8917657616654673),58000))
Right((WeightVector(DenseVector(-0.0015609374001377305, -0.2294654480094224, -0.2165673765646579, -0.16240297848247645, -0.15514838448436177, -0.11700202218404661, 0.16360340583612928),0.8925609476613582),58400))
Right((WeightVector(DenseVector(-0.001554733739893526, -0.2280228203962691, -0.215246289386467, -0.1614077851728098, -0.1544520971496723, -0.11635676120962977, 0.16247138471350464),0.8887929750419958),58800))
Right((WeightVector(DenseVector(-0.001549644027132872, -0.22718698946682947, -0.21451812902468528, -0.16107585469853924, -0.15445736061162071, -0.11502730042744505, 0.16077297239618374),0.8870622102679808),59200))
Right((WeightVector(DenseVector(-0.0015473667024030488, -0.2259963064620555, -0.21343495266009416, -0.16039243696657324, -0.15412092941515265, -0.11406224263203928, 0.15941438791187648),0.8842326044312784),59600))
Right((WeightVector(DenseVector(-0.0015490110815623394, -0.2243322623188139, -0.21187076796144458, -0.15911512973164868, -0.15296146555634557, -0.11351687113085741, 0.15858649907172262),0.880681810484408),60000))
Right((WeightVector(DenseVector(-0.0015460301292241055, -0.22346693962395414, -0.2110920652885262, -0.15868910684380377, -0.15309405277953447, -0.11197537375745745, 0.1570946369473554),0.8788052737335015),60400))
Right((WeightVector(DenseVector(-0.001548996042269186, -0.22084617483013766, -0.20863455953031976, -0.15631791847296228, -0.15108009366057762, -0.11291632296828516, 0.15726940465916628),0.872583640270744),60800))
Right((WeightVector(DenseVector(-0.0015513870895227124, -0.21931877895262095, -0.20724314627434068, -0.1551135494639716, -0.1496795746041094, -0.11240888252988489, 0.156337628420955),0.8686562826362619),61200))
Right((WeightVector(DenseVector(-0.0015543505182734217, -0.21838063759430498, -0.20652374499185439, -0.15468895254021145, -0.15073048880745185, -0.1113237470166528, 0.15510408627717573),0.868965366305181),61600))
Right((WeightVector(DenseVector(-0.0015470533040157592, -0.217019954402358, -0.20524833124837638, -0.1537577559801894, -0.15013474666495633, -0.11045280879297457, 0.15413049120246353),0.8652183046400929),62000))
Right((WeightVector(DenseVector(-0.0015457427078030515, -0.2159195968040245, -0.2042330598035832, -0.15309767535804344, -0.1500807033614898, -0.10960147372274354, 0.15299047188845122),0.8629251593269643),62400))
Right((WeightVector(DenseVector(-0.00155039479638888, -0.21461575679571715, -0.2030441173895837, -0.15213140757058713, -0.1490149365195031, -0.10901775888614189, 0.1520011712561279),0.8603419078249526),62800))
Right((WeightVector(DenseVector(-0.001555851458078566, -0.21145646312011632, -0.19998102370926682, -0.14918880125100395, -0.14594591872104534, -0.11029448993792755, 0.1526741720023126),0.8534049053482281),63200))
Right((WeightVector(DenseVector(-0.0015554640834467533, -0.21038263527473464, -0.19903817440079044, -0.1484904471891874, -0.14549928102171222, -0.10953060792035531, 0.1515954555290131),0.8507295719856417),63600))
Right((WeightVector(DenseVector(-0.0015638023516719721, -0.20903941845293783, -0.19777360707756006, -0.1475252046283374, -0.1451581329367029, -0.10919438521460596, 0.15089340092893624),0.8484812018726473),64000))
Right((WeightVector(DenseVector(-0.0015661247009497094, -0.20761732780184447, -0.1964560915184576, -0.14653649583836803, -0.14460017616589296, -0.1088114942093397, 0.15007440179413228),0.8457762118808613),64400))
Right((WeightVector(DenseVector(-0.00156603210193123, -0.2058161390299049, -0.19487576896760814, -0.14477972105644152, -0.14240533013984852, -0.1096344394366262, 0.14989185477744163),0.841063487464304),64800))
Right((WeightVector(DenseVector(-0.001573762602505136, -0.20462415295625264, -0.19379610813927525, -0.14386040639777403, -0.14137653973014808, -0.1091813139430558, 0.14900973431418915),0.8391123951062959),65200))
Right((WeightVector(DenseVector(-0.0015679322083477518, -0.20325111749653144, -0.19252088024480107, -0.14286667836109085, -0.14074295836219555, -0.10883700447663908, 0.1483052783502404),0.8357436272192493),65600))
Right((WeightVector(DenseVector(-0.0015695352035772002, -0.20218122339538636, -0.19154785506225772, -0.142198778059751, -0.14034718025551696, -0.1082653339222283, 0.14731065077693817),0.8335605716418688),66000))
Right((WeightVector(DenseVector(-0.0015698871917124348, -0.22722222240161333, -0.21368522172348567, -0.16532979209062654, -0.14893308148448037, -0.1436844926343226, 0.22161575000751144),0.8349685813913222),66400))
Right((WeightVector(DenseVector(-0.0015715979271278295, -0.22643507291663756, -0.21302297819461402, -0.16487600673209588, -0.1486695625194226, -0.1423964452135548, 0.21989799904414276),0.8335910131535601),66800))
Right((WeightVector(DenseVector(-0.00156810379449998, -0.22514846099315364, -0.21184086767740323, -0.16390306756562728, -0.1478560310086836, -0.14156080340641167, 0.21860506046314557),0.8303476010050898),67200))
Right((WeightVector(DenseVector(-0.0015708482184026344, -0.22392127719859062, -0.2107464000140233, -0.16303829407233483, -0.14741519921334492, -0.1407629907167258, 0.21730530662328),0.8287248796571788),67600))
Right((WeightVector(DenseVector(-0.0015689401504940287, -0.22267654387209357, -0.20959322014136136, -0.16216225450481747, -0.1471559393190179, -0.1397921677794093, 0.2160877644278867),0.8273196764323278),68000))
Right((WeightVector(DenseVector(-0.0015696239795212378, -0.22136383165847498, -0.20837834284439666, -0.161202659771757, -0.14662041752233962, -0.13905642839900273, 0.21492336408754562),0.8249447536635018),68400))
Right((WeightVector(DenseVector(-0.0015712008341070545, -0.21974304163109717, -0.20709629335794308, -0.1599424799738351, -0.1480353074876279, -0.1399993210712434, 0.21434965988666813),0.822799013261767),68800))
Right((WeightVector(DenseVector(-0.0015721806919928951, -0.2186978417155264, -0.20617340340794557, -0.15931548087923242, -0.14820891765896305, -0.13924397302749558, 0.21304298531348267),0.8219131358238864),69200))
Right((WeightVector(DenseVector(-0.0015704236736198258, -0.21798676997242883, -0.2055561498650404, -0.15897647916999127, -0.14905785632139007, -0.13780158411027135, 0.21147255386791386),0.8226686166965379),69600))
Right((WeightVector(DenseVector(-0.0015685728806344422, -0.21718422369427778, -0.20484752363653508, -0.15849675118390166, -0.14889722660207652, -0.13666767982661188, 0.20995706419759197),0.8210028574625209),70000))
Right((WeightVector(DenseVector(-0.0015688962592621358, -0.21544942012300472, -0.20322760212853583, -0.15699068419440973, -0.14717788367477955, -0.13659762765138725, 0.20924385882415344),0.8164867690377288),70400))
Right((WeightVector(DenseVector(-0.0015685360572141472, -0.2143900794362624, -0.20226770813139872, -0.1562750748250475, -0.1466401825705675, -0.13584522267140067, 0.2079510602855098),0.813972682301422),70800))
Right((WeightVector(DenseVector(-0.001571362423655424, -0.2133996778716515, -0.20137190610854566, -0.15559609702784802, -0.14601538876487916, -0.13509837051771695, 0.20663286067227518),0.8118530521561621),71200))
Right((WeightVector(DenseVector(-0.001575114679605674, -0.2123093943385899, -0.20038848126350461, -0.15497761724532017, -0.1464785935042916, -0.13444732402403578, 0.20560549189378072),0.8110714130574829),71600))
Right((WeightVector(DenseVector(-0.0015764242587721655, -0.21309042948281828, -0.20168572325643508, -0.15542771302858632, -0.14909264818278542, -0.13497028552611115, 0.2041958910227227),0.8168892456799658),72000))
Right((WeightVector(DenseVector(-0.0015731056793822672, -0.21119384602083852, -0.19991395423192232, -0.15381924045662893, -0.14865158192581346, -0.1351270784174448, 0.20373536574679196),0.8124503072043391),72400))
Right((WeightVector(DenseVector(-0.0015763575903645186, -0.20961437530188246, -0.1984260391192418, -0.15251165246330114, -0.14747573690168314, -0.13487234987249394, 0.20304907182947493),0.8092074475791174),72800))
Right((WeightVector(DenseVector(-0.0015768815178569583, -0.20827946881360918, -0.1971989847285598, -0.15144316452742212, -0.14645986864758817, -0.13457334900338705, 0.2021324804551212),0.8062520060642833),73200))
Right((WeightVector(DenseVector(-0.001574963184082554, -0.20731613949338795, -0.19632469526802987, -0.15077462611411713, -0.14588941405154932, -0.13374356527382267, 0.20092743889905346),0.8040562271807145),73600))
Right((WeightVector(DenseVector(-0.0015808312868593776, -0.20650470228652668, -0.1956353951285672, -0.15025871893889672, -0.14543189016721625, -0.1330899919670582, 0.19961101619759858),0.803269885217646),74000))
Right((WeightVector(DenseVector(-0.001582910078485116, -0.20713539091064015, -0.19632662067115425, -0.15119833501577076, -0.14635809337694683, -0.13072828273322742, 0.19716212835563177),0.8064657730695765),74400))
Right((WeightVector(DenseVector(-0.0015858568525161925, -0.2059144724820632, -0.1951724883871267, -0.1502460717846066, -0.14555433298792847, -0.13019873041502675, 0.19626062292511184),0.8037449788473391),74800))
Right((WeightVector(DenseVector(-0.001586873828224961, -0.20501220277112037, -0.19436595043940796, -0.1496250579124627, -0.14504177506901184, -0.1294183736351326, 0.19508019812297378),0.8020478475469373),75200))
Right((WeightVector(DenseVector(-0.0015881000851163337, -0.20379192649202976, -0.19324562489096955, -0.14870691532501853, -0.1447171234841113, -0.12889269715868404, 0.19430226482445437),0.800416180568235),75600))
Right((WeightVector(DenseVector(-0.0015917586224462247, -0.20283440251241944, -0.19235867940201293, -0.14804816652193295, -0.14425277474560677, -0.12809757387864554, 0.193209272654954),0.7988237778250766),76000))
Right((WeightVector(DenseVector(-0.0015949973152976193, -0.20301803283490527, -0.1926212830369559, -0.1485774997936547, -0.1461761210808656, -0.12613848739191172, 0.19130842214332122),0.8023593106102672),76400))
Right((WeightVector(DenseVector(-0.0015924172016159265, -0.20190657815105498, -0.19158598228566368, -0.14768208936918226, -0.14520723082504827, -0.1256440688838181, 0.19040678693487217),0.799727639667622),76800))
Right((WeightVector(DenseVector(-0.001594074426195392, -0.20079934308534336, -0.19052658136390707, -0.1468231805380764, -0.14470530559712372, -0.12504087430332333, 0.189610746759523),0.7983557278515397),77200))
Right((WeightVector(DenseVector(-0.0015932279053177524, -0.19961149986903615, -0.18941267796510775, -0.14593622769104544, -0.14452190264962828, -0.12431259432303139, 0.18879343650974492),0.7965635912067738),77600))
Right((WeightVector(DenseVector(-0.0015939500144207686, -0.19867182549482515, -0.1885325043484776, -0.14531016798715632, -0.14427538352675953, -0.12378118951594307, 0.18783052188215335),0.7949396409725513),78000))
Right((WeightVector(DenseVector(-0.0015946246982800603, -0.19761170760518093, -0.1875370482725811, -0.14458378530261498, -0.14393301203418196, -0.12334447303583301, 0.18693217430814776),0.7929574853035453),78400))
Right((WeightVector(DenseVector(-0.0015927113458673147, -0.19655043789539223, -0.18654213993938507, -0.14375560344233607, -0.14308898885239182, -0.12290666511201832, 0.186067274754927),0.7904063561979846),78800))
Right((WeightVector(DenseVector(-0.0015924187604171218, -0.19525617298817843, -0.1853256824641531, -0.14273101565455062, -0.1426105991298684, -0.12259927525430517, 0.18540812257175573),0.7876338746365266),79200))
Right((WeightVector(DenseVector(-0.001590588116722112, -0.1952753149247496, -0.18546924507978765, -0.14290154497689256, -0.14347515676524922, -0.12127634048853901, 0.18386987763248813),0.7896176504336943),79600))
Right((WeightVector(DenseVector(-0.0015847207108847933, -0.19434932866408722, -0.18462302457076246, -0.1422388946391371, -0.14290722105957396, -0.1207583920356331, 0.18292204717476593),0.7869126997066589),80000))
Right((WeightVector(DenseVector(-0.001585316103798784, -0.1933631945770072, -0.18370489829908826, -0.1415242578253516, -0.14236130358531474, -0.12021630190097579, 0.18202410845805314),0.7853623713944053),80400))
Right((WeightVector(DenseVector(-0.0015842847896629577, -0.21031440950162367, -0.20313305425930525, -0.11835501104886609, -0.12756899424735957, -0.14867883819219266, 0.24672358633701091),0.7310146717253125),80800))
Right((WeightVector(DenseVector(-0.0015844021996936199, -0.20872911714880327, -0.20162071762816416, -0.1172200955538178, -0.12662119527316182, -0.14869981661793272, 0.2459845659531273),0.7276791296381863),81200))
Right((WeightVector(DenseVector(-0.0015831685904110946, -0.20719156994066545, -0.20024512170602052, -0.1164057750465506, -0.12792604887717382, -0.14934774054392097, 0.24550585688150106),0.7253462035912785),81600))
Right((WeightVector(DenseVector(-0.001584359065203339, -0.20622584654756404, -0.19936707253842642, -0.1158011599332821, -0.12707365885717545, -0.14872658543355838, 0.2442935915900094),0.723819906113272),82000))
Right((WeightVector(DenseVector(-0.0015850756050088512, -0.205375261957362, -0.19862865034769772, -0.1153392546768518, -0.12650029569926222, -0.14812999042971484, 0.24299273129130497),0.7226517931939376),82400))
Right((WeightVector(DenseVector(-0.0015892741060362034, -0.2052430425855197, -0.1985330402976938, -0.11572151453742871, -0.12787060156292776, -0.1463151474729297, 0.2411321672482716),0.7259882061498037),82800))
Right((WeightVector(DenseVector(-0.0015891298215662038, -0.20506955252347933, -0.1984434309905689, -0.11602965056478318, -0.1286956868223497, -0.14483181308196866, 0.23929498955776787),0.7271550024505071),83200))
Right((WeightVector(DenseVector(-0.0015870475131931176, -0.2039076575237798, -0.19733478571272728, -0.11529060502358529, -0.12846340748486954, -0.1442579339131379, 0.23836362591526178),0.7252575033781009),83600))
Right((WeightVector(DenseVector(-0.001588324944240023, -0.20305283099261395, -0.196545782725941, -0.11480919766028366, -0.12795260998010183, -0.14361918476484056, 0.23720452435469733),0.7240972076296935),84000))
Right((WeightVector(DenseVector(-0.0015877182167393499, -0.20230434338992004, -0.1958371934809886, -0.11450645011906567, -0.12813317134511887, -0.14273734144929245, 0.2360436862108884),0.7232341331677582),84400))
Right((WeightVector(DenseVector(-0.0015852120673971845, -0.201294833360079, -0.1948736813315402, -0.11388548147433462, -0.1274723656086195, -0.1421638471171767, 0.23499545209789777),0.7212485342489552),84800))
Right((WeightVector(DenseVector(-0.0015841099545199772, -0.20044765435556286, -0.19410221172751324, -0.11341164329471917, -0.12697306479018006, -0.14157950816643738, 0.23384711105619696),0.719501717290008),85200))
Right((WeightVector(DenseVector(-0.0015809732656005867, -0.199160439582093, -0.1928764521769115, -0.11245240710529465, -0.1258305560393498, -0.1413414840838657, 0.23311886656871433),0.7167945793304442),85600))
Right((WeightVector(DenseVector(-0.0015817123907084097, -0.1983733187579518, -0.1921978580096626, -0.11203783930963962, -0.12570235966679316, -0.14069069628427885, 0.23197860550276359),0.7165922604767768),86000))
Right((WeightVector(DenseVector(-0.0015835358810206055, -0.19761150300182226, -0.1914653499592315, -0.11165270632435355, -0.12550894519092728, -0.13988839689577934, 0.23083765491567318),0.7155649124925983),86400))
Right((WeightVector(DenseVector(-0.0015848091573462072, -0.1966315463236903, -0.19054294165116917, -0.11100678345355883, -0.12489098349952074, -0.13949577436220256, 0.22992836957263801),0.7139040229430497),86800))
Right((WeightVector(DenseVector(-0.0015804502532952873, -0.1960226140480283, -0.18996298668066058, -0.11079289462177992, -0.12486301638115782, -0.13866466613925763, 0.22868250262223475),0.7130043896062569),87200))
Right((WeightVector(DenseVector(-0.0015817756327673898, -0.19516883832011908, -0.18915492232041636, -0.11032947492968002, -0.12465676466052474, -0.1380819809372011, 0.2277100808502579),0.7118231583528312),87600))
Right((WeightVector(DenseVector(-0.0015789527369971215, -0.19453434605586553, -0.1886080465626423, -0.10999235352141257, -0.12423896703075125, -0.13749518454066936, 0.22655102311673303),0.7111211932977508),88000))
Right((WeightVector(DenseVector(-0.0015804013186239603, -0.19387487889188637, -0.18802304111748652, -0.10968865204715456, -0.12385484881482521, -0.13680187020659468, 0.22537988985968369),0.7100443552456462),88400))
Right((WeightVector(DenseVector(-0.0015832506302029385, -0.19315192320247818, -0.18735557589408325, -0.10928106059362606, -0.12395390557128352, -0.13614170498546033, 0.22441232268840622),0.7092153327025961),88800))
Right((WeightVector(DenseVector(-0.0015854461802325872, -0.19169030148562427, -0.18592761570122493, -0.10817261670993603, -0.12322696774743212, -0.1359142440374779, 0.22396303970410142),0.707616043593389),89200))
Right((WeightVector(DenseVector(-0.0015844017121248782, -0.19078559977511214, -0.18517101813367925, -0.10756591476278529, -0.12331015819393164, -0.13571663614765625, 0.22317060645124318),0.7063419328155252),89600))
Right((WeightVector(DenseVector(-0.0015835750204586945, -0.18942146708842686, -0.18383759731640087, -0.10652280643872575, -0.12214711238193261, -0.13566106152758142, 0.22265904509902193),0.7035984425241012),90000))
Right((WeightVector(DenseVector(-0.0015863603503838593, -0.188776980109495, -0.1832372505361458, -0.10618768551066347, -0.12164750559272915, -0.13502720380408836, 0.2215762575368494),0.7025913856834601),90400))
Right((WeightVector(DenseVector(-0.0015849616502088928, -0.1885525073496949, -0.1830445134261281, -0.10633581527727066, -0.12190293125142254, -0.13399662384447925, 0.22008743204442455),0.7030036122784792),90800))
Right((WeightVector(DenseVector(-0.0015884622610691265, -0.1877547259626237, -0.1823214141818697, -0.10582950635427299, -0.1211732140710988, -0.13360789943459325, 0.21912203810759048),0.7017396557976031),91200))
Right((WeightVector(DenseVector(-0.001587459319305319, -0.18704826657111906, -0.18164739838038602, -0.10546532064429091, -0.12094766916393182, -0.13286198019630802, 0.21815159231464912),0.7005058901285532),91600))
Right((WeightVector(DenseVector(-0.001584741703298123, -0.20960825689368573, -0.19795617880601585, -0.13577821088323272, -0.13249754112309198, -0.12388696445096088, 0.19988379733620276),0.7868500784970845),92000))
Right((WeightVector(DenseVector(-0.001585213882679659, -0.20863991672045273, -0.1971622475792849, -0.13508158397011527, -0.13386822772072546, -0.12447999030608499, 0.19931611666442628),0.7863919842799865),92400))
Right((WeightVector(DenseVector(-0.0015849451309038795, -0.20789057791283108, -0.19647274965701858, -0.13466739073413575, -0.13368344326412723, -0.1238431304223738, 0.19839343915400603),0.7847815831952156),92800))
Right((WeightVector(DenseVector(-0.0015845372013964351, -0.2070570196256225, -0.195701831030417, -0.13412973325693212, -0.133268586443749, -0.12330599693141862, 0.1975410344413404),0.7830819791846715),93200))
Right((WeightVector(DenseVector(-0.0015838935823138754, -0.20619886808016757, -0.1949233754648145, -0.13352518610095185, -0.13255785068268514, -0.12287469204737202, 0.19672580320037522),0.7808912022096686),93600))
Right((WeightVector(DenseVector(-0.0015857696808504271, -0.20545436647711285, -0.1942498676046808, -0.13309302667035822, -0.1322083507274783, -0.12237351356679936, 0.19580561650415515),0.7799425073158299),94000))
Right((WeightVector(DenseVector(-0.0015826952554823107, -0.2046953467609523, -0.1935472738436967, -0.13263474677328282, -0.1318425867602838, -0.12181860034553986, 0.19491517669359626),0.77802314969549),94400))
Right((WeightVector(DenseVector(-0.001581513645687236, -0.20382731761829578, -0.19275934927885263, -0.1320750525207917, -0.1316193587653746, -0.1212643388185415, 0.1941669922391786),0.776905102786686),94800))
Right((WeightVector(DenseVector(-0.001582885766228758, -0.20310619553086043, -0.19223974378698994, -0.1318842785799323, -0.13422205359574343, -0.12205594921947353, 0.1939667334382948),0.7776628526828948),95200))
Right((WeightVector(DenseVector(-0.0015829329328868322, -0.2016206157449846, -0.19088189803508795, -0.1305051957833309, -0.1333915024959031, -0.12272365785551669, 0.19380001688502901),0.7738041507361518),95600))
Right((WeightVector(DenseVector(-0.001582052385480995, -0.19860946988491127, -0.18795775105627874, -0.12766926365463852, -0.13010918502896424, -0.12465446217069387, 0.19479633635385332),0.7650783462174725),96000))
Right((WeightVector(DenseVector(-0.0015833117700537927, -0.19787006512440544, -0.18729121650781386, -0.12718343423837314, -0.12960707844134278, -0.1241113579402011, 0.19397080639680436),0.7636319247240276),96400))
Right((WeightVector(DenseVector(-0.0015828835573227196, -0.19727192489193035, -0.18675064124558158, -0.12684786282519792, -0.1292983288034469, -0.12347459859948709, 0.1930290971759662),0.7622633424322569),96800))
Right((WeightVector(DenseVector(-0.0015817695758795244, -0.19759093494175112, -0.1870780415216382, -0.12754573114358894, -0.13148583965454347, -0.1214276561053321, 0.19144322909361788),0.7655087728762557),97200))
Right((WeightVector(DenseVector(-0.0015824748616581142, -0.19689478922636797, -0.1864828824942267, -0.1270605247541791, -0.1308473441129829, -0.12099103513342618, 0.190610699399021),0.7644407083606631),97600))
Right((WeightVector(DenseVector(-0.0015807031543337517, -0.19618922248001677, -0.1858241555392133, -0.1266238565101525, -0.13049409103641646, -0.12054679392730484, 0.18981883356380624),0.7629254446440034),98000))
Right((WeightVector(DenseVector(-0.0015793169227316945, -0.19530252656992825, -0.18501142471893012, -0.12600958797385314, -0.13007824953768996, -0.12016692062095652, 0.18916896872296782),0.7613380647731809),98400))
Right((WeightVector(DenseVector(-0.001576271132153331, -0.19470933032915896, -0.18448005430904912, -0.12567148871166703, -0.12968219682182922, -0.11960886458121023, 0.18826739455725106),0.7601911793085927),98800))
Right((WeightVector(DenseVector(-0.0015774717105356644, -0.19390951681175717, -0.18374481319509375, -0.1251074965654578, -0.1291077741208373, -0.11924638494263855, 0.18757399613351816),0.7584845022992585),99200))
Right((WeightVector(DenseVector(-0.0015801093716268073, -0.19319681911337522, -0.18308976256869489, -0.12470773766349057, -0.12907453128013371, -0.11880033584349349, 0.18684455365615724),0.7580750379267182),99600))
Right((WeightVector(DenseVector(-0.0015819144701464248, -0.1928896692637053, -0.18282851112977597, -0.12467295773057863, -0.12940455098305917, -0.11781728845151254, 0.1857894905939858),0.7581590978217488),100000))
Right((WeightVector(DenseVector(-0.0015826909212448435, -0.19210040847110943, -0.18209991786737353, -0.12414608116596675, -0.1291561277870254, -0.11740234045195522, 0.18511072509411405),0.7565976320704934),100400))
Right((WeightVector(DenseVector(-0.0015832597668441228, -0.1913768998833697, -0.18143028289128935, -0.1236728847186167, -0.12891565479045541, -0.11695849400657178, 0.18443618812623835),0.7552444516783736),100800))
Right((WeightVector(DenseVector(-0.001581792536284731, -0.19025511534814696, -0.1803506400109584, -0.12282713540830029, -0.12821656378308266, -0.1169302255514251, 0.18402624541909676),0.7526677900171446),101200))
Right((WeightVector(DenseVector(-0.0015836760578643821, -0.18965908648596924, -0.1798100842524908, -0.12254557233997636, -0.12860299607482414, -0.11650943144376673, 0.18326907079922455),0.752889490369643),101600))
Right((WeightVector(DenseVector(-0.0015818021354828797, -0.18891498288285516, -0.17912551526941822, -0.12210598342568584, -0.1285547208055604, -0.11608925414736436, 0.18265244334788047),0.7516427902110246),102000))
Right((WeightVector(DenseVector(-0.0015810230227934128, -0.18831009417095593, -0.178571768877528, -0.12181892746307625, -0.1285421612285843, -0.1156854457352741, 0.18184078476073834),0.75050677425536),102400))
Right((WeightVector(DenseVector(-0.001583269492774011, -0.18785007011315633, -0.17816488334830988, -0.12159363779202083, -0.12839672508757505, -0.11520135296194006, 0.1809856738263065),0.7499491793888579),102800))
Right((WeightVector(DenseVector(-0.001583412189590488, -0.1874913359672971, -0.17786050151523747, -0.12152826851805912, -0.12884557437726468, -0.11452231052501279, 0.18004540482803869),0.7500781408537287),103200))
Right((WeightVector(DenseVector(-0.0015810615965865496, -0.18651065231339564, -0.1769298387154837, -0.12082924218783847, -0.12896801764860816, -0.11433237080529288, 0.1796286867410093),0.7482746597011168),103600))
Right((WeightVector(DenseVector(-0.0015848161990011439, -0.1852717281663526, -0.17576592117174436, -0.1197375227560022, -0.12802779550039767, -0.11471583931260408, 0.179522040224616),0.7465640923111629),104000))
Right((WeightVector(DenseVector(-0.0015835264782034727, -0.1845683679823184, -0.17513799351432083, -0.11926828775267362, -0.12753901646247012, -0.11436986353026397, 0.17882875326026218),0.7451479410519951),104400))
Right((WeightVector(DenseVector(-0.0015823293616192603, -0.18429075092075164, -0.1749363705837873, -0.11922396713397562, -0.12762334283367843, -0.11360057038022951, 0.17782930937181893),0.7446000900377215),104800))
Right((WeightVector(DenseVector(-0.0015814202982800379, -0.18363057421204684, -0.17429931636564064, -0.11883844277367304, -0.12744610791716704, -0.11315971608482676, 0.17719418036348872),0.7432270223266453),105200))
Right((WeightVector(DenseVector(-0.0015816978268026168, -0.18318970433829349, -0.17392759359656812, -0.11857776043781684, -0.12735452744493042, -0.11249285859283235, 0.1764421903783993),0.7424240956446594),105600))
Right((WeightVector(DenseVector(-0.0015826229036867978, -0.18250032526083693, -0.17329097133215238, -0.11809828043737701, -0.12673898892733787, -0.11217067051444841, 0.17578096528028572),0.7407590951888515),106000))
Right((WeightVector(DenseVector(-0.0015836631106049604, -0.1839315903767389, -0.17559510747652537, -0.11667358809623382, -0.1226310751650268, -0.11939995334780407, 0.1762963879491115),0.7402139175198439),106400))
Right((WeightVector(DenseVector(-0.0015826876681800134, -0.20236030727988136, -0.1931497437087153, -0.1354596236532293, -0.1299647769946055, -0.14590621699193865, 0.23448744846873404),0.7410749731941382),106800))
Right((WeightVector(DenseVector(-0.0015838613565601991, -0.2017144746689671, -0.1925364573117497, -0.13507038923058562, -0.12975941552938147, -0.14521564602506448, 0.2335696330137794),0.7403310214684761),107200))
Right((WeightVector(DenseVector(-0.0015846097477001707, -0.2009791728750795, -0.1918379996880063, -0.13458884387223027, -0.1295077733699197, -0.14473265272961844, 0.23276755209573413),0.7388987750493043),107600))
Right((WeightVector(DenseVector(-0.0015840257430749225, -0.20070454854557782, -0.1916127082459517, -0.13454270109087632, -0.12995396272013635, -0.14391055801700614, 0.23163374118607857),0.7396617537772593),108000))
Right((WeightVector(DenseVector(-0.0015824930427880074, -0.1999903886880979, -0.19094849675247577, -0.13409946027469855, -0.12990640441309528, -0.14343716822684863, 0.23082838917853518),0.7384716802155027),108400))
Right((WeightVector(DenseVector(-0.001584963079493579, -0.19956311344333, -0.190599973272451, -0.13390116186320178, -0.12977499319619024, -0.14277412577949666, 0.22974444104633496),0.7384695643507241),108800))
Right((WeightVector(DenseVector(-0.0015860887710578407, -0.19817667403322417, -0.1892448847041296, -0.13273978269085382, -0.12887169672633056, -0.14279205895076752, 0.2294784004088556),0.7366170258806821),109200))
Right((WeightVector(DenseVector(-0.0015885682210377524, -0.19627052308083467, -0.18752954182019269, -0.13104444995656644, -0.1328573905511919, -0.14354679246545568, 0.2300886391700751),0.7358303328507061),109600))
Right((WeightVector(DenseVector(-0.0015903158387929027, -0.19597578193229592, -0.18728289681783883, -0.131013414492476, -0.1329225244839042, -0.1425935910552803, 0.22890682048960864),0.7363203948347226),110000))
Right((WeightVector(DenseVector(-0.0015902925268656569, -0.19531520188850432, -0.18669005048224557, -0.13051115011906025, -0.13215779852127515, -0.1422697297185248, 0.22810629192151993),0.7357352397576805),110400))
Right((WeightVector(DenseVector(-0.001591999180135504, -0.19459527789768363, -0.18601562888575982, -0.12999228548475572, -0.1316942879475851, -0.14181977162797169, 0.22736274465088313),0.7342501271250995),110800))
Right((WeightVector(DenseVector(-0.0015928158616499188, -0.1939900699532627, -0.18544770897547633, -0.12967307309162868, -0.131812608201961, -0.14129260691691442, 0.226516666344418),0.7334047398889749),111200))
Right((WeightVector(DenseVector(-0.0015894981251021285, -0.1931034063550343, -0.18461188684828378, -0.12899043926385753, -0.13123527757959128, -0.14114206517054895, 0.22589108088263843),0.730987118422745),111600))
Right((WeightVector(DenseVector(-0.00158763057053863, -0.1930255322767845, -0.184545772896438, -0.12919238348222617, -0.13194962817675812, -0.13989778098277886, 0.22467627676416174),0.7316096596253957),112000))
Right((WeightVector(DenseVector(-0.0015877142757231481, -0.19236691186672553, -0.18394190836793606, -0.12872699195913193, -0.13133011994881053, -0.13952267160696286, 0.22382953038849132),0.730394466306316),112400))
Right((WeightVector(DenseVector(-0.0015830897791240686, -0.1912192747020296, -0.1828246052442568, -0.1277931796910475, -0.13058174418986387, -0.13958918077875362, 0.22345453503734047),0.7274276280243297),112800))
Right((WeightVector(DenseVector(-0.0015865177249663528, -0.19004964552191084, -0.18170705264070955, -0.12677510766803846, -0.1293914350096741, -0.1397140933895069, 0.2231281361257411),0.7249671643959199),113200))
Right((WeightVector(DenseVector(-0.001587186395490811, -0.18939965466212003, -0.18111202924937703, -0.12635609163171607, -0.1291816065609164, -0.13925583728548113, 0.22236121738491482),0.7239884086884215),113600))
Right((WeightVector(DenseVector(-0.0015878252163393, -0.1887384067808832, -0.18049190566625353, -0.12592728568259529, -0.12884396089034053, -0.13884258240307595, 0.2215942024988824),0.7230358654655245),114000))
Right((WeightVector(DenseVector(-0.0015886884513159865, -0.18808848515349294, -0.17989421124152685, -0.1254892586181867, -0.1284041490067873, -0.13846832869539755, 0.22081329781228304),0.7218008480874999),114400))
Right((WeightVector(DenseVector(-0.0015874891788315356, -0.18753354773061917, -0.17936963291956373, -0.1251582222021943, -0.12815847146099527, -0.13788800173168017, 0.21996127500234125),0.7212643979145851),114800))
Right((WeightVector(DenseVector(-0.0015863076691269773, -0.1873528952168458, -0.17921506717135566, -0.12520735736336602, -0.12855452091306932, -0.13692758296350077, 0.2188619703913034),0.7215440696148656),115200))
Right((WeightVector(DenseVector(-0.0015868885492033417, -0.18678461179319106, -0.17870508963852225, -0.12485509701026938, -0.12848060190646685, -0.13637982334979418, 0.2181034466217316),0.7206096171547471),115600))
Right((WeightVector(DenseVector(-0.0015865030728003302, -0.1860974950887976, -0.17807699152891598, -0.12430356049697844, -0.12790772020316488, -0.13612101313245814, 0.2175037933902391),0.7195353132163402),116000))
Right((WeightVector(DenseVector(-0.0015824094630930668, -0.18513045399308758, -0.17714952863979974, -0.12351891915361599, -0.1271618858925399, -0.13599339642039, 0.217052768943483),0.717480588715375),116400))
Right((WeightVector(DenseVector(-0.0015846467301317221, -0.18440465916673304, -0.17649567462549146, -0.1229410077561699, -0.1263302577810161, -0.135797169399244, 0.21638624598942302),0.7161329792398362),116800))
Right((WeightVector(DenseVector(-0.0015833949073524164, -0.18390864372065607, -0.1760403496200026, -0.12266113566804947, -0.12619200191329064, -0.13526252886587659, 0.21558449391549714),0.7150070846817318),117200))
Right((WeightVector(DenseVector(-0.001579878465468316, -0.18327720670207664, -0.17546187099776198, -0.12220544623717416, -0.12579526444012057, -0.1349782768523169, 0.21490946203215683),0.713501515232469),117600))
Right((WeightVector(DenseVector(-0.0015776317286614432, -0.1837786740074418, -0.1759728542071363, -0.12300529130703937, -0.12742927104965318, -0.13326920210525803, 0.21330944818956862),0.7164273293564891),118000))
Right((WeightVector(DenseVector(-0.0015762813902972682, -0.1834093018648972, -0.17566029453208004, -0.12286248059883517, -0.1276250517491899, -0.1325179333139512, 0.21240651448014855),0.7161145198027945),118400))
Right((WeightVector(DenseVector(-0.0015759352636631806, -0.1828349943812679, -0.17513831841753566, -0.12247342311970831, -0.12738882419638634, -0.13205767175236477, 0.21170937493436442),0.7149556725168733),118800))
Right((WeightVector(DenseVector(-0.0015737504981359655, -0.18193312302458134, -0.1743343402093623, -0.12175812225836558, -0.12747843114913487, -0.13239992478035903, 0.21135937656841455),0.7127582473090447),119200))
Right((WeightVector(DenseVector(-0.0015713706273132286, -0.181224723921358, -0.17370375630773147, -0.12116814878145768, -0.12673145100850536, -0.13222174271125345, 0.21075842382334997),0.7115176425644446),119600))
Right((WeightVector(DenseVector(-0.0015734756386404757, -0.1804624520032467, -0.17299239315925474, -0.12060941618000959, -0.12633578129193754, -0.13195598724715998, 0.21019043214934693),0.7124457175606135),120000))
Right((WeightVector(DenseVector(-0.0015730776162005816, -0.17997079947400732, -0.17252991337370052, -0.12031359239340897, -0.12614923808694448, -0.13149583567532222, 0.20947818435691615),0.7113422103603759),120400))
Right((WeightVector(DenseVector(-0.0015729343401957084, -0.17944438062019435, -0.17205765802561826, -0.11993463179644741, -0.12563987766747076, -0.13110416842962047, 0.20874435340376404),0.7101560046564214),120800))
Right((WeightVector(DenseVector(-0.0015716876711242894, -0.21840412620597638, -0.20612197605071098, -0.1556631119934121, -0.138168612402645, -0.15440206663485467, 0.2617107095418432),0.7674063886168606),121200))
Right((WeightVector(DenseVector(-0.0015670864967013787, -0.21727693028885534, -0.20505588538711078, -0.15466695156435148, -0.13730417553319402, -0.15433761709667776, 0.26127686072074696),0.7647017532788294),121600))
Right((WeightVector(DenseVector(-0.0015643780049678256, -0.21667725964016266, -0.20452979844789615, -0.1542476892443969, -0.13692365776264895, -0.15378358285729762, 0.2603359039215457),0.76332075301865),122000))
Right((WeightVector(DenseVector(-0.00156691017054921, -0.21714872593900955, -0.20503989510280812, -0.15499886579720892, -0.13850464327332493, -0.15205660467248003, 0.25856933703306356),0.7670194362649503),122400))
Right((WeightVector(DenseVector(-0.0015726544995001168, -0.21646454430290357, -0.20444315585519554, -0.1544290567708299, -0.1376394157789849, -0.1517118631955561, 0.25768723874067173),0.7664631861978123),122800))
Right((WeightVector(DenseVector(-0.001568712721858686, -0.21652076174651919, -0.20455687406858758, -0.1547880935607633, -0.13970932100121933, -0.1507250969088139, 0.2564199580457617),0.7688104755475828),123200))
Right((WeightVector(DenseVector(-0.001566554215054087, -0.215889844212165, -0.2039639597968124, -0.1543627320916067, -0.13952056061202736, -0.15020447981758858, 0.2555660660613958),0.7676131349349157),123600))
Right((WeightVector(DenseVector(-0.001566040786556628, -0.21536476016305564, -0.20347795729639812, -0.1540562703127521, -0.13938899000994692, -0.14959368091024228, 0.2546030479418938),0.7666388181257748),124000))
Right((WeightVector(DenseVector(-0.0015667665686479701, -0.22828409326246604, -0.21524525150708965, -0.16518805719780916, -0.1434226281164443, -0.14997254351758407, 0.2575302580912393),0.7989613268154492),124400))
Right((WeightVector(DenseVector(-0.0015705434401145056, -0.2279029494775532, -0.21491223846336058, -0.16499659846801043, -0.1433978141470389, -0.1492552106480454, 0.2564718397039497),0.7989700492918858),124800))
Right((WeightVector(DenseVector(-0.0015667829324131127, -0.22693022213399147, -0.21399928072116514, -0.1642129259135501, -0.14281936788793373, -0.14906724713990738, 0.255861688355703),0.7968383700668707),125200))
Right((WeightVector(DenseVector(-0.0015648577361631743, -0.2261680310303054, -0.21328314023023143, -0.16366910412026936, -0.14296129253830364, -0.14859715580154167, 0.2551420070223894),0.795845989781518),125600))
Right((WeightVector(DenseVector(-0.0015659068405469432, -0.2254612889424343, -0.21262518805667913, -0.163161911524406, -0.14261722620871348, -0.14816336011067346, 0.25434394917017095),0.7956765917808819),126000))
Right((WeightVector(DenseVector(-0.0015628971233824054, -0.22477423953048098, -0.21198918836552408, -0.16267799157853066, -0.1422669492978525, -0.14766679268604926, 0.25350042734851724),0.7941601504368514),126400))
Right((WeightVector(DenseVector(-0.0015623773473872576, -0.22409862297753003, -0.21137718136859213, -0.16220308398755637, -0.14192263790181742, -0.1472795790453787, 0.2526724382231539),0.7929195410081847),126800))
Right((WeightVector(DenseVector(-0.001563224533089708, -0.22321413288166217, -0.2105556193560328, -0.161485587657971, -0.14133200316712358, -0.14713958378991573, 0.25208863686520455),0.7909609512064139),127200))
Right((WeightVector(DenseVector(-0.0015593125921982067, -0.2224920993923607, -0.20987568347225263, -0.16097824220538126, -0.14127086020743504, -0.1466837725571916, 0.2513561380024575),0.7894260168247609),127600))
Right((WeightVector(DenseVector(-0.0015634798166452772, -0.2216556908811819, -0.2091445583660717, -0.16028716949225397, -0.14073920077374086, -0.1465423613712599, 0.250746160535327),0.7884249774397329),128000))
Right((WeightVector(DenseVector(-0.001563371922480372, -0.22108419369042415, -0.2086599148942532, -0.1598686395336499, -0.14030902956804422, -0.14613470572722928, 0.24988782476313012),0.7879032138309696),128400))
Right((WeightVector(DenseVector(-0.0015655912591118338, -0.2204067005802224, -0.20804472858669526, -0.15931663401607438, -0.13974976452820576, -0.14576497224344032, 0.2491709493349665),0.7866231592886409),128800))
Right((WeightVector(DenseVector(-0.0015668105137831114, -0.21966975236431513, -0.20735814971951855, -0.15874381975784035, -0.13924658528138886, -0.1454280650505116, 0.248471938218545),0.7850983576999866),129200))
Right((WeightVector(DenseVector(-0.0015714747065303622, -0.21734730482775755, -0.20515794228884263, -0.15650470270179706, -0.13893292816847425, -0.14774937009084582, 0.2493224708320786),0.7802251117971609),129600))
Right((WeightVector(DenseVector(-0.0015736588195762056, -0.216964362759849, -0.2048237339066456, -0.15626278514846947, -0.13874710146286626, -0.147120402851142, 0.24840366397682487),0.7799156286811572),130000))
Right((WeightVector(DenseVector(-0.001573519824086403, -0.21624752788929577, -0.20415453116629212, -0.15571059737404455, -0.13840357000676748, -0.14671658889123587, 0.2477231116110892),0.7785572910642836),130400))
Right((WeightVector(DenseVector(-0.001572345500399133, -0.21521428177928162, -0.20320221288725562, -0.15478838590348076, -0.13738670599023914, -0.14691090322448588, 0.24734712454846491),0.776239267750211),130800))
Right((WeightVector(DenseVector(-0.0015715595148518503, -0.21471387108911424, -0.20275447986323192, -0.1544758772147245, -0.13741168745057197, -0.14636109262779284, 0.246538075425031),0.7755118834323609),131200))
Right((WeightVector(DenseVector(-0.0015749811520106816, -0.2157312012190677, -0.2037832376759641, -0.1555000096831303, -0.13807528652267945, -0.14459497129085627, 0.24470335857862952),0.7802936601359077),131600))
Right((WeightVector(DenseVector(-0.0015729405374496808, -0.21507396398046053, -0.20319541601255803, -0.15499035771612424, -0.13759972955640698, -0.14426333293596894, 0.24397876912803662),0.7788803731205817),132000))
Right((WeightVector(DenseVector(-0.0015729741209342671, -0.21453786965463362, -0.2027241688730472, -0.15462669795363324, -0.13737253602423796, -0.1438362744033204, 0.24316241892350407),0.7782273575208719),132400))
Right((WeightVector(DenseVector(-0.0015737312588493923, -0.2283925512439543, -0.21414719239918015, -0.15372966226813836, -0.1333356433834263, -0.16157431296185548, 0.28096526556627893),0.7632072991672092),132800))
Right((WeightVector(DenseVector(-0.0015742681884450295, -0.22769256750694797, -0.2135201339007426, -0.15318452434725532, -0.132736763631823, -0.16130900447549346, 0.2801701215854019),0.7620058522399661),133200))
Right((WeightVector(DenseVector(-0.0015746008388099648, -0.22702356914404534, -0.21292839059466034, -0.1527358178606133, -0.1323862195494066, -0.16087024549385048, 0.2792836379054839),0.761428026842112),133600))
Right((WeightVector(DenseVector(-0.0015758673437069395, -0.226360341010403, -0.21231802446629255, -0.15226865806274895, -0.1320255344070152, -0.1603878850980994, 0.27847825636825657),0.7603119925745474),134000))
Right((WeightVector(DenseVector(-0.0015760616938112284, -0.22572248821367785, -0.2117329140539842, -0.15184932080054314, -0.1317001850859349, -0.15991918266173683, 0.27763594943608344),0.7590537521136607),134400))
Right((WeightVector(DenseVector(-0.001576313477687323, -0.2251436007726239, -0.21120473381803423, -0.15147417477034292, -0.1313018813156429, -0.15951176530480227, 0.2767298416756561),0.7582314979042782),134800))
Right((WeightVector(DenseVector(-0.001576833856432274, -0.22501491710426594, -0.21119313597806977, -0.15163509360038116, -0.13337505831998467, -0.1583078772009578, 0.27565679837355256),0.7609210317771946),135200))
Right((WeightVector(DenseVector(-0.0015770420447831404, -0.2244762524070432, -0.21070266145975944, -0.15130966197313592, -0.13316375623857218, -0.15773275865104655, 0.27476417935920183),0.7599754621962045),135600))
Right((WeightVector(DenseVector(-0.0015763387757408342, -0.22379029212539941, -0.2100505992299442, -0.1508470344922984, -0.1329845375822444, -0.15721546657459165, 0.27402619083593965),0.759189668154067),136000))
Right((WeightVector(DenseVector(-0.0015776823207734516, -0.2231159657537046, -0.20941972902146372, -0.15039129917503524, -0.13276515673619105, -0.15673407472659584, 0.27327898549648627),0.7585561526102087),136400))
Right((WeightVector(DenseVector(-0.0015782307605519328, -0.22256912669258203, -0.2089376764385488, -0.1500472275244691, -0.1324981304139116, -0.1562653587438615, 0.272415429700041),0.7575440093727465),136800))
Right((WeightVector(DenseVector(-0.001575220496683942, -0.22168666294643022, -0.20812593607215038, -0.1493653264432535, -0.1328286834822729, -0.1560644773345249, 0.2719468101981595),0.7563196562892217),137200))
Right((WeightVector(DenseVector(-0.0015739725554712925, -0.2210864319199001, -0.20758397764158976, -0.14894489652629644, -0.13245961649397037, -0.1556505292095958, 0.27115828565224465),0.755340252891822),137600))
Right((WeightVector(DenseVector(-0.0015762827323716096, -0.22053313205607067, -0.20707135780724226, -0.14865817999745418, -0.1324577946515928, -0.15520947599786952, 0.27030960880267646),0.754942796755175),138000))
Right((WeightVector(DenseVector(-0.0015733720550645315, -0.2197652683528487, -0.2063736614128733, -0.1480896841793138, -0.13198506152235684, -0.15507674130832688, 0.2696445308679578),0.7531871852961871),138400))
Right((WeightVector(DenseVector(-0.0015747377361018367, -0.21937819120992846, -0.2060274162554085, -0.14794410772801092, -0.13257796289794, -0.1542732102469756, 0.2687378043117033),0.7535810404630554),138800))
Right((WeightVector(DenseVector(-0.0015749328643450567, -0.23693679096912693, -0.2221186381250837, -0.17318102061611762, -0.14390888645541938, -0.13011787181869044, 0.21483383865482727),0.8646915755923779),139200))
Right((WeightVector(DenseVector(-0.0015724648765437416, -0.23613640141455366, -0.221377013637441, -0.17255613025324884, -0.14351366664421733, -0.1299008668982089, 0.21432911638318877),0.8628503929610707),139600))
Right((WeightVector(DenseVector(-0.00157308663566634, -0.23559353548127768, -0.22091194894526842, -0.17217877759895037, -0.14331508632633494, -0.12954929129675413, 0.21365639058398878),0.862072065174039),140000))
Right((WeightVector(DenseVector(-0.0015728538650476981, -0.23494165499077319, -0.22031680051002422, -0.17168846369424073, -0.1429031550423322, -0.12926317693532302, 0.21305709427914404),0.8606511589109186),140400))
Right((WeightVector(DenseVector(-0.0015687798333418185, -0.2349667187896045, -0.2203754906488801, -0.17193665522135373, -0.14344233896622205, -0.128193712941739, 0.21187092701089766),0.8609434692309735),140800))
Right((WeightVector(DenseVector(-0.0015689345626798874, -0.2347985888467731, -0.22026519110571144, -0.1719618852843691, -0.14375170011298824, -0.12743960343130198, 0.21088519780366835),0.8609241262046683),141200))
Right((WeightVector(DenseVector(-0.001569457946175959, -0.2340318600827031, -0.21955686788758216, -0.17133420144658926, -0.14315467253326442, -0.12728045235298271, 0.21041756225945038),0.8594575802841972),141600))
Right((WeightVector(DenseVector(-0.0015683278813547726, -0.2333208130246878, -0.2188928985713881, -0.17080155417188492, -0.1428357095295133, -0.12703838124435493, 0.20989830718510727),0.8580303236366064),142000))
Right((WeightVector(DenseVector(-0.0015669239453644358, -0.232723509566173, -0.21833515464086453, -0.17039657227631844, -0.14268423462505242, -0.12664667509770514, 0.2092996734646534),0.8566081989979865),142400))
Right((WeightVector(DenseVector(-0.0015692659683385379, -0.23177097766668547, -0.21744205276153092, -0.16959178409614828, -0.14195230936870232, -0.12667028479548645, 0.20899595985049016),0.8542925597453936),142800))
Right((WeightVector(DenseVector(-0.0015692266640388516, -0.23116301905064046, -0.2168938663877924, -0.16912678319654703, -0.14155132268734635, -0.12635904086914868, 0.2084097220696226),0.8531235465902052),143200))
Right((WeightVector(DenseVector(-0.0015702549033316652, -0.23069166009315506, -0.2164865022511341, -0.16880533670650877, -0.1412904161065839, -0.1259736000051744, 0.20771930839235533),0.8521815645901544),143600))
Right((WeightVector(DenseVector(-0.0015706097400843809, -0.22955674444969815, -0.21542964233946046, -0.16778263121776638, -0.14024906581731905, -0.12629354961778227, 0.20756858234671968),0.8487588072253189),144000))
Right((WeightVector(DenseVector(-0.0015708774852808882, -0.2285814923882821, -0.2145054652251213, -0.16697036859520073, -0.13991004480078906, -0.12631486556779772, 0.20732321703432666),0.846938724882308),144400))
Right((WeightVector(DenseVector(-0.0015709205313387134, -0.22787889161380848, -0.2138503677005841, -0.16643152418977636, -0.13955755974392842, -0.12607440801523676, 0.20684434907327573),0.8454005334995585),144800))
Right((WeightVector(DenseVector(-0.001571129963681388, -0.2272348487835243, -0.2132463011424694, -0.16598392571380263, -0.13937842077570395, -0.12586530194964463, 0.20631200615752995),0.8441833506830497),145200))
Right((WeightVector(DenseVector(-0.0015719121283530142, -0.22666069185204696, -0.21270721809135795, -0.1655672250520132, -0.13907037216388818, -0.1255774685656092, 0.20573733953184145),0.8429932919859515),145600))
Right((WeightVector(DenseVector(-0.0015727295975676969, -0.22722674434664672, -0.21333361897525144, -0.16650005195832046, -0.14155576277621032, -0.12499845091889208, 0.20468504411162455),0.8476501864279061),146000))
Right((WeightVector(DenseVector(-0.0015700119731100533, -0.22543691483405034, -0.21160554021532085, -0.16478615363130944, -0.13953098499818004, -0.1260241648611604, 0.2051277272082694),0.842401696769274),146400))
Right((WeightVector(DenseVector(-0.0015712888442375329, -0.22484863106478212, -0.21107697943359524, -0.164303962016118, -0.1389059745399528, -0.12580150186709715, 0.20456417579619685),0.8413142312070109),146800))
Right((WeightVector(DenseVector(-0.0015724392830778022, -0.2413613997920347, -0.2243470874416884, -0.18442254927865892, -0.14709827443459372, -0.14808229885011334, 0.25558110937252543),0.845538225447115),147200))
Right((WeightVector(DenseVector(-0.0015717443875439478, -0.24061341625095334, -0.22366684334634485, -0.18380258810177963, -0.14667697179243186, -0.14775104585916696, 0.2550156299407745),0.8442759016350041),147600))
Right((WeightVector(DenseVector(-0.0015719887762776904, -0.23998526156662106, -0.22310112299846216, -0.1833333299556727, -0.1464662764828655, -0.1473041735113472, 0.25433267707149426),0.8435105409909455),148000))
Right((WeightVector(DenseVector(-0.0015730061883963604, -0.23935695976604843, -0.2225479754458694, -0.18283003430614517, -0.14607261710871633, -0.14700107203352455, 0.2536623633558889),0.8425923580253644),148400))
Right((WeightVector(DenseVector(-0.0015725480442465932, -0.23863615181531977, -0.2218794893598072, -0.18225501473011038, -0.1457227359459489, -0.1466725821572926, 0.2530536501989629),0.841289015124738),148800))
Right((WeightVector(DenseVector(-0.0015726416502607958, -0.23799906838474075, -0.2212934135975497, -0.18173362025695544, -0.14523910037127705, -0.1463697839605666, 0.25240913442120283),0.8400536324225389),149200))
Right((WeightVector(DenseVector(-0.0015735883887604697, -0.23733177559754556, -0.22066979494415548, -0.18122790071948158, -0.14511622505302488, -0.14596378228188883, 0.2517928606472617),0.8392060147617822),149600))
Right((WeightVector(DenseVector(-0.0015741456122479213, -0.23610516899704703, -0.21953337752580432, -0.18010398173139602, -0.14422657088205942, -0.14631702377697028, 0.25161233401180155),0.8364305495507798),150000))
Right((WeightVector(DenseVector(-0.0015747577725021891, -0.2355745387860336, -0.21904425700805336, -0.17971048406738646, -0.14403309699078265, -0.14583875309050126, 0.25091672321612185),0.8353499605597146),150400))
Right((WeightVector(DenseVector(-0.0015771100491603844, -0.23490029280622302, -0.21842447261790585, -0.17914156441739804, -0.14340932284713764, -0.1455769484333066, 0.25031223118158297),0.8340607923536223),150800))
Right((WeightVector(DenseVector(-0.0015778833209775297, -0.23436743641312752, -0.2179567744720609, -0.17873077405881507, -0.14306154816059768, -0.14523201923079496, 0.24960274029004964),0.8330533626361564),151200))
Right((WeightVector(DenseVector(-0.0015792027277610604, -0.23367942586975884, -0.21733893696916426, -0.1781839404146243, -0.14283004297979945, -0.14501610607182477, 0.24908428199937446),0.8324308505576354),151600))
Right((WeightVector(DenseVector(-0.0015789347528935992, -0.23301832727597788, -0.21674013222969163, -0.17762959458968136, -0.14243473647878552, -0.1447914667492065, 0.24852355459046654),0.8310950037799865),152000))
Right((WeightVector(DenseVector(-0.0015777337050300615, -0.23182041549713905, -0.21560874690339565, -0.1765153471652821, -0.1411563481060618, -0.1451521809715441, 0.24837572318893497),0.8280530526520015),152400))
Right((WeightVector(DenseVector(-0.001576482573288446, -0.23125487797310196, -0.2151016433556794, -0.17608984149618886, -0.14109310163991856, -0.14480010993871878, 0.24773284442611154),0.8271104419597723),152800))
Right((WeightVector(DenseVector(-0.0015744672326825375, -0.2308002254751965, -0.2147036726591241, -0.17582315664446455, -0.1411360111728555, -0.14430586791866776, 0.24697341867960584),0.8263188942845447),153200))
Right((WeightVector(DenseVector(-0.0015722098944704638, -0.2308773093913238, -0.21482669222842224, -0.1760869846146262, -0.14330405871958837, -0.14292853729106744, 0.2459295599557252),0.8288437045754744),153600))
Right((WeightVector(DenseVector(-0.0015715415330290671, -0.2303276478843282, -0.2143342384183347, -0.1756709630209507, -0.14306712619684128, -0.14254251545420088, 0.2452692791593389),0.8277284590037985),154000))
Right((WeightVector(DenseVector(-0.0015710969991983834, -0.22977795049298208, -0.21383426045296153, -0.17525039758683864, -0.142761672120657, -0.1422211231895418, 0.24463066891846114),0.8268196303924702),154400))
Right((WeightVector(DenseVector(-0.0015732421893838468, -0.22925086795790328, -0.21337419945615665, -0.1748371262238702, -0.14248592840559882, -0.14194657417778136, 0.24398292899085947),0.8262295723668509),154800))
Right((WeightVector(DenseVector(-0.0015731876520959562, -0.2279008264653978, -0.21206948504054896, -0.17360970661777617, -0.14168580743137849, -0.14240674450430055, 0.24403673732569073),0.8236694726064917),155200))
Right((WeightVector(DenseVector(-0.0015741880268276263, -0.22741863836462967, -0.21164789302145365, -0.17324673860505901, -0.14146512148700682, -0.1420035432030264, 0.24337569695209185),0.8228516343803332),155600))
Right((WeightVector(DenseVector(-0.0015746134373306082, -0.22695871168381906, -0.2112386341450757, -0.17291008958101206, -0.14115982467734778, -0.1415796426800984, 0.24265747913391356),0.8219521186241021),156000))
Right((WeightVector(DenseVector(-0.0015758489159178228, -0.22674702264380614, -0.2110654649926245, -0.1728571531877518, -0.14155071582802153, -0.14086624742536258, 0.24177588358989152),0.822372610138182),156400))
Right((WeightVector(DenseVector(-0.0015759793418317538, -0.2261780695112637, -0.21055957230653735, -0.1724109850853163, -0.14124923799678743, -0.14059970954977236, 0.24117128360073212),0.8213560638106084),156800))
Right((WeightVector(DenseVector(-0.001575989981456054, -0.22563971249366424, -0.21006813363061275, -0.17202355313406467, -0.1411371329607161, -0.14012769715487147, 0.24055809611278386),0.8205749018505836),157200))
Right((WeightVector(DenseVector(-0.0015763991928420347, -0.22520018089711596, -0.2096862001488607, -0.17167793677489945, -0.1408143426725184, -0.13973364661139787, 0.23989512895405368),0.8197907142963158),157600))
Right((WeightVector(DenseVector(-0.0015771725156441341, -0.2247799296261894, -0.2093163352693331, -0.17141474540590568, -0.14090018055786419, -0.1391289108894689, 0.2391850839690203),0.8192984340311786),158000))
Right((WeightVector(DenseVector(-0.0015769637683906686, -0.22423205078584874, -0.2088134535202122, -0.17100538512397445, -0.14067664414258024, -0.13875189363450988, 0.238592181881929),0.8183458683039911),158400))
Right((WeightVector(DenseVector(-0.0015776748568905644, -0.22404828844042166, -0.20877936638793237, -0.17106872610011165, -0.14280955308343243, -0.13865379403920813, 0.2380472631642836),0.8201592080163607),158800))
Right((WeightVector(DenseVector(-0.0015782575680939783, -0.2234919017459403, -0.20827639105641263, -0.17064314881666054, -0.14256997260713633, -0.13832890453705127, 0.23747357302727726),0.8190695539821085),159200))
Right((WeightVector(DenseVector(-0.0015774396097761223, -0.22314933853136013, -0.2079855261651606, -0.17043943410670526, -0.14283560371075268, -0.1378482566285507, 0.23674169686461322),0.8191486021445289),159600))
Right((WeightVector(DenseVector(-0.0015762895459433997, -0.2224637112901186, -0.20734460815055938, -0.16985941258245393, -0.1423402580888295, -0.13768619628187406, 0.23628861332839085),0.8175151847414752),160000))
